
% This function takes in Temperature and Pressure, and outputs the remaining thermo variables
%   Index --- Variable
%   1         Pressure (bar)
%   2         Temperature (degC)
%   3         nu
%   4         u
%   5         h
%   6         s
%
%  Example.  Find h for P=60bar and T=280C.
%  h_output = Table_A4_Dynamic(60,1,280,2,5);
function Table_A4_Dynamic_imperial(Input1,Input1_type,Input2,Input2_type,Output1_type)
%%%%%%%%%%%%%%%%%%%%%%%%%%%%%%%%%%%%%%%%%%%%%%%%%%%%%%%%%%%%%%%%%%%%%%%%%%%%%%%%%%%%%%%%%%%%%%%%%%%%%
% This function takes in Temperature and Pressure, and outputsthe remaining thermo variables
% Note to reader: See how this version is not that conducive for "learning".  The other variant is
% easier to follow.
%
%   Index --- Variable
%   1         Pressure (bar)
%   2         Temperature (degC)
%   3         nu
%   4         u
%   5         h
%   6         s
%
%  Example.  Find h for P=60bar and T=280C.
%  h_output = Table_A4_Dynamic(60,1,280,2,5);
%%%%%%%%%%%%%%%%%%%%%%%%%%%%%%%%%%%%%%%%%%%%%%%%%%%%%%%%%%%%%%%%%%%%%%%%%%%%%%%%%%%%%%%%%%%%%%%%%%%%%


%% Test relics.  Delete when this becomes a proper function
% Input1 = 200;
% Input1_type = 2; %200degC
% Input2 = 2;
% Input2_type = 1; %2 bar (omg I hate this unit)
% Output1_type = 4;%give me output of u

%table = [  P    T        nu     u       h       s     ];
%units      bar     degC m^3/kg kJ/kg   kJ/kg  kJ/kg/K
%% Raw DATA entry
table_A4=[   1	101.7	333.6	1044	1105.8	1.9779
		1	150	362.6	1060.4	1127.5	2.0151
		1	200	392.5	1077.5	1150.1	2.0508
		1	250	422.4	1094.7	1172.8	2.0839
		1	300	452.3	1112	1195.7	2.115
		1	400	511.9	1147	1241.8	2.172
		1	500	571.5	1182.8	1288.5	2.2235
		1	600	631.1	1219.3	1336.1	2.2706
		1	700	690.7	1256.7	1384.5	2.3142
		1	800	750.3	1294.4	1433.7	2.355
		1	900	809.9	1333.9	1483.8	2.3932
		1	1000	869.5	1373.9	1534.8	2.4294
		5	162.2	73.53	1063	1131	1.8441
		5	200	78.15	1076	1148.6	1.8715
		5	250	84.21	1093.8	1171.7	1.9052
		5	300	90.24	1111.3	1194.8	1.9367
		5	400	102.24	1146.6	1241.2	1.9941
		5	500	114.2	1182.5	1288.2	2.0458
		5	600	126.15	1219.1	1335.8	2.093
		5	700	138.08	1256.5	1384.3	2.1367
		5	800	150.01	1294.7	1433.5	2.1775
		5	900	161.94	1333.8	1483.7	2.2158
		5	1000	173.86	1373.9	1534.7	2.252
		10	193.2	38.42	1072.2	1143.3	1.7877
		10	200	38.85	1074.7	1146.6	1.7927
		10	250	41.95	1092.6	1170.2	1.8272
		10	300	44.99	1110.4	1193.7	1.8592
		10	400	51.03	1146.1	1240.5	1.9171
		10	500	57.04	1182.2	1287.7	1.969
		10	600	63.03	1218.9	1335.5	2.0164
		10	700	69.01	1256.3	1384	2.0601
		10	800	74.98	1294.6	1433.3	2.1009
		10	900	80.95	1333.7	1483.5	2.1393
		10	1000	86.91	1373.8	1534.6	2.1755
		10	1100	92.88	1414.7	1586.6	2.2099
		14.7	212	26.8	1077.6	1150.5	1.7567
		14.7	250	28.42	1091.5	1168.8	1.7832
		14.7	300	30.52	1109.6	1192.6	1.8157
		14.7	400	34.67	1145.6	1239.9	1.8741
		14.7	500	38.77	1181.8	1287.3	1.9263
		14.7	600	42.86	1218.6	1335.2	1.9737
		14.7	700	46.93	1256.1	1383.8	2.0175
		14.7	800	51	1294.4	1433.1	2.0584
		14.7	900	55.07	1333.6	1483.4	2.0967
		14.7	1000	59.13	1373.7	1534.5	2.133
		14.7	1100	63.19	1414.6	1586.4	2.1674
		20	228	20.09	1082	1156.4	1.732
		20	250	20.79	1090.3	1167.2	1.7475
		20	300	22.36	1108.7	1191.5	1.7805
		20	350	23.9	1126.9	1215.4	1.811
		20	400	25.43	1145.1	1239.2	1.8395
		20	500	28.46	1181.5	1286.8	1.8919
		20	600	31.47	1218.4	1334.8	1.9395
		20	700	34.47	1255.9	1383.5	1.9834
		20	800	37.46	1294.3	1432.9	2.0243
		20	900	40.45	1333.5	1483.2	2.0627
		20	1000	43.44	1373.5	1534.3	2.0989
		20	1100	46.42	1414.5	1586.3	2.1334
		40	267.3	10.5	1093.3	1170	1.6767
		40	300	11.04	1105.1	1186.8	1.6993
		40	350	11.84	1124.2	1211.8	1.7312
		40	400	12.62	1143	1236.4	1.7606
		40	500	14.16	1180.1	1284.9	1.814
		40	600	15.69	1217.3	1333.4	1.8621
		40	700	17.2	1255.1	1382.4	1.9063
		40	800	18.7	1293.7	1432.1	1.9474
		40	900	20.2	1333	1482.5	1.9859
		40	1000	21.7	1373.1	1533.8	2.0223
		40	1100	23.2	1414.2	1585.9	2.0568
		60	292.7	7.17	1098.3	1178	1.6444
		60	300	7.26	1101.3	1181.9	1.6496
		60	350	7.82	1121.4	1208.2	1.683
		60	400	8.35	1140.8	1233.5	1.7134
		60	500	9.4	1178.6	1283	1.7678
		60	600	10.43	1216.3	1332.1	1.8165
		60	700	11.44	1254.4	1381.4	1.8609
		60	800	12.45	1293	1431.2	1.9022
		60	900	13.45	1332.5	1481.8	1.9408
		60	1000	14.45	1372.7	1533.2	1.9773
		60	1100	15.45	1413.8	1585.4	2.0119
		60	1200	16.45	1455.8	1638.5	2.0448
		80	312.1	5.47	1102.6	1183.6	1.6214
		80	350	5.8	1118.5	1204.3	1.6476
		80	400	6.22	1138.5	1230.6	1.679
		80	500	7.02	1177.2	1281.1	1.7346
		80	600	7.79	1215.3	1330.7	1.7838
		80	700	8.56	1253.6	1380.3	1.8285
		80	800	9.32	1292.4	1430.4	1.87
		80	900	10.08	1332	1481.2	1.9087
		80	1000	10.83	1372.3	1532.6	1.9453
		80	1100	11.58	1413.5	1584.9	1.9799
		80	1200	12.33	1455.5	1638.1	2.013
		100	327.8	4.434	1105.8	1187.8	1.6034
		100	350	4.592	1115.4	1200.4	1.6191
		100	400	4.934	1136.2	1227.5	1.6517
		100	450	5.265	1156.2	1253.6	1.6812
		100	500	5.587	1175.7	1279.1	1.7085
		100	600	6.216	1214.2	1329.3	1.7582
		100	700	6.834	1252.8	1379.2	1.8033
		100	800	7.445	1291.8	1429.6	1.8449
		100	900	8.053	1331.5	1480.5	1.8838
		100	1000	8.657	1371.9	1532.1	1.9204
		100	1100	9.26	1413.1	1584.5	1.9551
		100	1200	9.861	1455.2	1637.7	1.9882
		120	341.3	3.73	1108.3	1191.1	1.5886
		120	350	3.783	1112.2	1196.2	1.595
		120	400	4.079	1133.8	1224.4	1.6288
		120	450	4.36	1154.3	1251.2	1.659
		120	500	4.633	1174.2	1277.1	1.6868
		120	600	5.164	1213.2	1327.8	1.7371
		120	700	5.682	1252	1378.2	1.7825
		120	800	6.195	1291.2	1428.7	1.8243
		120	900	6.703	1330.9	1479.8	1.8633
		120	1000	7.208	1371.5	1531.5	1.9
		120	1100	7.711	1412.8	1584	1.9348
		120	1200	8.213	1454.9	1637.3	1.9679
		140	353.1	3.221	1110.3	1193.8	1.5761
		140	400	3.466	1131.4	1221.2	1.6088
		140	450	3.713	1152.4	1248.6	1.6399
		140	500	3.952	1172.7	1275.1	1.6682
		140	550	4.184	1192.5	1300.9	1.6945
		140	600	4.412	1212.1	1326.4	1.7191
		140	700	4.86	1251.2	1377.1	1.7648
		140	800	5.301	1290.5	1427.9	1.8068
		140	900	5.739	1330.4	1479.1	1.8459
		140	1000	6.173	1371	1531	1.8827
		140	1100	6.605	1412.4	1583.6	1.9176
		140	1200	7.036	1454.6	1636.9	1.9507
		160	363.6	2.836	1112	1196	1.5651
		160	400	3.007	1128.8	1217.8	1.5911
		160	450	3.228	1150.5	1246.1	1.623
		160	500	3.44	1171.2	1273	1.6518
		160	550	3.646	1191.3	1299.2	1.6785
		160	600	3.848	1211.1	1325	1.7034
		160	700	4.243	1250.4	1376	1.7494
		160	800	4.631	1289.9	1427	1.7916
		160	900	5.015	1329.9	1478.4	1.8308
		160	1000	5.397	1370.6	1530.4	1.8677
		160	1100	5.776	1412.1	1583.1	1.9026
		160	1200	6.154	1454.3	1636.5	1.9358
		180	373.1	2.533	1113.4	1197.8	1.5553
		180	400	2.648	1126.2	1214.4	1.5749
		180	450	2.85	1148.5	1243.4	1.6078
		180	500	3.042	1169.6	1270.9	1.6372
		180	550	3.228	1190	1297.5	1.6642
		180	600	3.409	1210	1323.5	1.6893
		180	700	3.763	1249.6	1374.9	1.7357
		180	800	4.11	1289.3	1426.2	1.7781
		180	900	4.453	1329.4	1477.7	1.8174
		180	1000	4.793	1370.2	1529.8	1.8545
		180	1100	5.131	1411.7	1582.6	1.8894
		180	1200	5.467	1454	1636.1	1.9227
		200	381.8	2.289	1114.6	1199.3	1.5464
		200	400	2.361	1123.5	1210.8	1.56
		200	450	2.548	1146.4	1240.7	1.5938
		200	500	2.724	1168	1268.8	1.6239
		200	550	2.893	1188.7	1295.7	1.6512
		200	600	3.058	1208.9	1322.1	1.6767
		200	700	3.379	1248.8	1373.8	1.7234
		200	800	3.693	1288.6	1425.3	1.766
		200	900	4.003	1328.9	1477.1	1.8055
		200	1000	4.31	1369.8	1529.3	1.8425
		200	1100	4.615	1411.4	1582.2	1.8776
		200	1200	4.918	1453.7	1635.7	1.9109
		250	401	1.845	1116.7	1202.1	1.5274
		250	450	2.002	1141.1	1233.7	1.5632
		250	500	2.15	1163.8	1263.3	1.5948
		250	550	2.29	1185.3	1291.3	1.6233
		250	600	2.426	1206.1	1318.3	1.6494
		250	700	2.688	1246.7	1371.1	1.697
		250	800	2.943	1287	1423.2	1.7301
		250	900	3.193	1327.6	1475.3	1.7799
		250	1000	3.44	1368.7	1527.9	1.8172
		250	1100	3.685	1410.5	1581	1.8524
		250	1200	3.929	1453	1634.8	1.8858
